image_width: 640
image_height: 480
camera_name: narrow_stereo
camera_matrix:
  rows: 3
  cols: 3
  data: [766.19416, 0, 351.011965, 0, 765.938517, 227.369484, 0, 0, 1]
distortion_model: plumb_bob
distortion_coefficients:
  rows: 1
  cols: 5
  data: [0.077349, -0.9623579999999999, -0.003279, 0.004469, 0]
rectification_matrix:
  rows: 3
  cols: 3
  data: [1, 0, 0, 0, 1, 0, 0, 0, 1]
projection_matrix:
  rows: 3
  cols: 4
  data: [748.393127, 0, 356.656301, 0, 0, 764.233398, 226.29203, 0, 0, 0, 1, 0]