# oST version 5.0 parameters


[image]

width
640

height
480

[narrow_stereo]

camera matrix
766.194160 0.000000 351.011965
0.000000 765.938517 227.369484
0.000000 0.000000 1.000000

distortion
0.077349 -0.962358 -0.003279 0.004469 0.000000

rectification
1.000000 0.000000 0.000000
0.000000 1.000000 0.000000
0.000000 0.000000 1.000000

projection
748.393127 0.000000 356.656301 0.000000
0.000000 764.233398 226.292030 0.000000
0.000000 0.000000 1.000000 0.000000

