image_width: 640
image_height: 480
camera_name: narrow_stereo
camera_matrix:
  rows: 3
  cols: 3
  data: [766.194160, 0.000000, 351.011965, 0.000000, 765.938517, 227.369484, 0.000000, 0.000000, 1.000000]
distortion_model: plumb_bob
distortion_coefficients:
  rows: 1
  cols: 5
  data: [0.077349, -0.962358, -0.003279, 0.004469, 0.000000]
rectification_matrix:
  rows: 3
  cols: 3
  data: [1.000000, 0.000000, 0.000000, 0.000000, 1.000000, 0.000000, 0.000000, 0.000000, 1.000000]
projection_matrix:
  rows: 3
  cols: 4
  data: [748.393127, 0.000000, 356.656301, 0.000000, 0.000000, 764.233398, 226.292030, 0.000000, 0.000000, 0.000000, 1.000000, 0.000000]
